Homes:
  aaf029ed-1ed0-3428-9a26-b88a6adb78fc:
    X: 239.30798597027402
    Y: 62.0
    Z: -268.4665484492643
    Yaw: -287.7908
    Pitch: 0.8995332
    World: world
  f638266b-a03e-3c5e-b0a2-a8773a65ee66:
    X: -327.34871446966497
    Y: 64.0
    Z: -229.78046037782622
    Yaw: 150.13365
    Pitch: 15.465822
    World: world
  5826c54a-8490-3b4b-808e-d258d9df6586:
    X: 255.88112066284214
    Y: 69.0
    Z: -229.236597964335
    Yaw: 100.38135
    Pitch: 17.273222
    World: world
