Homes:
  aaf029ed-1ed0-3428-9a26-b88a6adb78fc:
    X: 239.30798597027402
    Y: 62.0
    Z: -268.4665484492643
    Yaw: -287.7908
    Pitch: 0.8995332
    World: world
